6.60886 7.81630 8.78673
7.32555 7.81658 8.91063
7.46256 7.82041 8.88661
7.42369 7.82757 8.83815
7.18285 7.79502 9.01339
6.45572 7.81173 8.82846
7.48820 7.81554 8.85299
7.39684 7.83649 8.78896
6.57690 7.80302 8.80252
7.15160 7.82406 8.87084
7.72564 7.73571 8.66818
7.37886 7.81734 8.86859
7.12184 7.82539 8.99002
7.18786 7.82634 8.90033
6.91735 7.82158 8.84139
7.19576 7.82160 8.89408
7.04023 7.82028 8.92767
6.80090 7.79983 8.97233
7.18245 7.82279 8.96244
7.26959 7.81701 8.98135
7.54222 7.82110 8.81691
6.64173 7.86961 8.99014
7.32332 7.83135 8.72865
7.30425 7.82525 8.68701
7.35143 7.81844 8.93445
7.51454 7.82869 8.86970
7.03565 7.82312 8.92653
6.76791 7.82325 8.72610
6.71045 7.82841 8.83136
7.11191 7.81466 8.99817
6.99367 7.83127 8.83732
7.03663 7.82260 9.00826
7.23972 7.81896 8.92608
6.74869 7.80772 8.80755
7.57402 7.81515 8.96019
7.01156 7.82889 8.94482
6.65034 7.80539 9.00868
7.25774 7.81150 8.97362
7.23977 7.81484 8.92837
6.78747 7.81220 8.73475
6.62906 7.81189 8.85629
6.74444 7.78715 8.88548
6.85381 7.81821 8.79021
7.43027 7.81712 8.87838
7.95613 7.93828 9.40491
6.42511 7.73406 8.19930
7.20096 7.82184 8.79538
6.93541 7.82014 8.87088
7.09211 7.82957 8.75953
7.15771 7.81620 8.91631
6.91517 7.81401 8.91152
6.92467 7.83079 8.82432
7.09717 7.82612 8.94333
7.39945 7.82884 8.94030
7.24454 7.82373 8.95834
7.09948 7.82275 8.84467
7.33167 7.83498 8.89580
6.94876 7.82156 8.73594
7.23764 7.83074 8.78554
7.46720 7.83035 8.80592
7.42431 7.83280 8.84279
7.65957 7.81376 8.98514
6.96712 7.81282 8.84194
6.96150 7.82317 8.78889
7.23614 7.82340 8.91725
6.89862 7.81895 8.91295
6.81733 7.82258 8.84226
7.03417 7.82520 8.90143
6.78286 7.81900 8.83298
7.44708 7.83646 8.78177
7.09391 7.82368 8.99803
7.09438 7.82527 8.74283
7.05792 7.83129 8.89548
6.88508 7.82713 8.92317
6.61832 7.81986 8.75824
6.91164 7.84137 8.92347
6.75120 7.81107 8.90923
7.02514 7.79965 8.88560
7.23878 7.82419 8.87269
7.12647 7.82762 8.84575
7.21371 7.81565 8.91491
7.17729 7.82295 8.95383
7.35482 7.83785 8.85782
6.83103 7.85627 8.87619
7.34725 7.81420 8.91232
7.18308 7.82828 8.83641
6.47912 7.76759 8.84411
6.80075 7.82382 8.84984
6.68754 7.86197 8.89291
7.31779 7.83392 8.92385
7.10368 7.83011 8.83926
7.41276 7.82444 8.89191
7.21134 7.83347 8.88245
7.35242 7.82847 8.85213
7.22421 7.82192 8.79420
7.28441 7.83374 8.69976
6.59605 7.82602 8.71500
7.32230 7.81514 8.88925
7.46223 7.83167 8.80023
7.31582 7.83274 8.81406
7.26772 7.82242 8.86221
7.28396 7.82108 8.97014
7.36810 7.82378 8.93596
7.36646 7.96372 8.83396
7.40493 7.83047 8.82488
6.65748 7.79101 8.72300
7.32619 7.82455 8.84115
6.57260 7.81432 8.70884
6.73695 7.82369 8.77119
6.90115 7.81942 8.72760
6.72613 7.80906 8.77774
7.11259 7.82997 8.78046
7.42143 7.81903 8.77882
7.43166 7.82111 8.78043
6.98455 7.80902 8.90358
7.22610 7.82808 8.74304
7.23829 7.82945 8.76310
6.74027 7.80061 8.86104
6.61800 7.78323 8.77435
7.59191 7.83197 8.66383
7.08970 7.82405 8.73131
6.75624 7.79171 8.76819
6.64238 7.81066 8.80268
6.77009 7.82322 8.69447
7.45819 7.82471 8.82809
6.69920 7.79533 8.81658
7.53413 7.81911 8.79893
7.42570 7.82864 8.82868
6.85070 7.86247 8.83019
7.25557 7.82506 8.80097
6.97756 7.87063 8.81121
7.11312 7.81491 9.01184
7.35887 7.81815 8.87723
7.22779 7.82356 8.84402
7.09548 7.81763 8.93068
7.15125 7.81986 8.93092
7.06174 7.82800 8.80760
7.12179 7.82104 8.97558
7.05127 7.82597 8.93993
7.00759 7.82116 8.91252
7.08224 7.82442 8.80539
6.96908 7.81664 8.92555
7.07663 7.83238 8.85852
7.24829 7.82162 8.91274
7.37756 7.83538 8.82803
7.41945 7.82106 8.83635
7.04768 7.83275 8.79307
6.99370 7.81879 8.89975
7.15782 7.83198 8.92838
7.13092 7.82658 8.81133
7.29858 7.81836 8.86743
7.28137 7.83250 8.69938
7.40586 7.82557 8.82694
7.49051 7.82194 8.89315
7.52030 7.81515 8.76441
7.63826 7.82067 8.78198
7.62377 7.80806 8.79265
7.34722 7.81947 8.79870
6.36021 7.80013 8.71003
6.65837 7.82309 8.62189
7.53088 7.84491 8.67351
6.43632 7.81325 8.87850
7.17754 7.82079 8.75411
6.29617 7.81270 8.37965
7.30501 7.83092 8.80547
6.73533 7.81650 8.87061
7.50662 7.82634 8.71236
6.83559 7.81970 8.79309
6.76536 7.82053 8.71277
6.64095 7.79672 8.50781
7.09789 7.81197 8.98150
7.35276 7.82874 8.93099
6.62200 7.81815 8.84659
7.26410 7.82373 8.92147
6.82416 7.82624 8.85046
6.71299 7.81488 8.88126
7.19491 7.83300 8.79395
6.88090 7.82377 8.90947
6.85549 7.82812 8.83985
7.00658 7.83050 8.79324
6.58174 7.81593 8.93010
6.99827 7.82669 8.80921
7.14239 7.83136 8.80012
7.11596 7.82957 8.83024
7.40499 7.85178 8.87126
6.95068 7.83852 8.90609
7.09797 7.81894 8.87164
6.79014 7.81984 8.87098
7.36744 7.74012 8.47436
7.27713 7.81502 8.92721
6.98619 7.82370 8.85494
7.35793 7.83658 8.81714
6.91738 7.87232 8.95437
6.57392 7.83360 8.84635
6.91311 7.81422 8.94375
6.89875 7.86390 8.81702
6.90924 7.81875 8.94334
6.95303 7.82261 8.91919
7.18438 7.82851 8.84764
7.36117 7.82584 8.87121
7.18616 7.82206 8.91307
7.33302 7.83472 8.78252
7.48732 7.81914 8.84644
7.24406 7.82968 8.83919
7.26488 7.82985 8.85058
6.63516 7.80832 8.66741
6.95215 7.82779 8.76829
6.48042 7.79073 8.64614
6.65921 7.81611 8.82157
6.93693 7.82119 8.74212
6.47537 7.78934 8.54329
6.71230 7.81844 8.75329
7.53909 7.82126 8.86484
7.51683 7.82245 8.91211
7.39938 7.82459 8.92488
6.68482 7.82051 8.76126
6.92712 7.82417 8.94401
7.07932 7.82012 8.90624
6.58238 7.82935 8.71535
7.22687 7.81859 9.01060
7.10098 7.82912 8.90687
6.92902 7.82117 8.86047
7.02976 7.81099 8.97313
7.29397 7.83030 8.85793
7.00958 7.82873 8.92774
7.02316 7.81514 8.87193
7.41031 7.81381 8.92452
7.33765 7.82534 8.69473
7.26838 7.81706 8.87280
7.43612 7.81936 8.87046
7.32934 7.83646 8.85111
7.10903 7.82749 8.88089
7.27285 7.83178 8.88713
6.98804 7.85692 8.83686
6.85267 7.82412 8.85443
7.36774 7.82728 8.85510
6.82236 7.84760 8.86276
7.26031 7.83179 8.90521
7.29608 7.82955 8.84266
7.29835 7.81492 8.89345
7.49858 7.82467 8.91089
7.34178 7.82887 8.86829
7.42484 7.82594 8.85692
7.42295 7.82847 8.87604
7.24055 7.81805 8.86019
7.26418 7.83443 8.82922
7.24571 7.81888 8.87437
7.01748 7.82242 8.81972
7.11353 7.82805 8.87067
7.47938 7.82649 8.77655
7.51812 7.82457 8.95684
7.55924 7.82656 8.78687
7.51577 7.83254 8.69433
6.59893 7.81263 8.69385
7.21335 7.83262 8.78785
6.82898 7.82232 8.79092
6.59755 7.80197 8.73064
6.68100 7.77970 8.64338
6.65028 7.81850 8.74317
7.07872 7.81142 8.84300
6.66387 7.81837 8.76424
6.49849 7.78398 8.79570
6.56803 7.81051 9.03430
7.22322 7.92166 8.56776
6.68077 7.79818 8.61667
6.52413 7.81687 8.78681
7.38249 7.81888 8.78302
6.57295 7.82094 8.66302
7.14755 7.83144 8.96007
6.91288 7.83376 8.72406
6.90728 7.78426 8.71906
6.95704 7.82751 8.80421
7.10110 7.82692 8.87778
6.80201 7.82675 8.71402
7.43843 7.82183 8.81899
6.78471 7.82820 8.94346
6.90094 7.81881 8.71999
6.73557 7.81922 8.80767
6.90402 7.81119 8.70879
7.25029 7.83195 8.89636
7.34504 7.82865 8.97117
7.35984 7.82300 8.91066
7.25687 7.81632 8.95065
7.33652 7.84518 8.76520
7.61645 7.83052 8.77063
7.01283 7.82344 8.90790
6.72385 7.78078 8.94811
7.20910 7.83011 8.81700
7.27365 7.82893 8.92438
7.43324 7.81356 8.98334
7.35187 7.82856 8.88093
6.57025 7.80578 8.86423
7.47644 7.82409 8.95341
7.19904 7.81590 9.02411
7.56324 7.85685 8.78811
6.36669 7.81924 8.90815
6.87047 7.81866 8.92349
6.54894 7.80878 8.87122
7.53386 7.82148 8.88120
7.44175 7.82717 8.77523
7.20834 7.82186 8.92921
6.80018 7.80249 8.90927
7.14444 7.82961 8.95566
7.29466 7.81813 8.91082
7.06731 7.82840 8.90117
6.99193 7.80681 8.79281
7.51470 7.82067 8.85785
7.14253 7.83425 8.84439
7.19369 7.82433 8.95170
7.18841 7.85054 8.83660
7.59040 7.82568 8.85026
7.39519 7.82580 8.85834
7.31886 7.82403 8.89296
7.42680 7.82298 8.90267
7.27107 7.83161 8.82805
7.52666 7.81885 8.84240
7.32950 7.81575 8.92147
7.40404 7.83201 8.85282
7.48639 7.82812 8.88606
6.92418 7.82035 8.85070
7.20810 7.81766 8.88968
7.11947 7.82515 8.81506
7.39082 7.82260 8.90139
7.30558 7.82010 8.92443
7.56801 7.82527 8.80453
6.58473 7.78736 8.66812
7.39096 7.80831 8.91306
6.83867 7.82763 8.99016
6.62106 7.81528 8.80257
7.43219 7.82828 8.77817
6.60812 7.82077 8.78835
6.49774 7.82225 8.59276
7.52465 7.81476 8.75825
7.18883 7.82998 8.58270
6.87868 7.83279 8.58288
7.50965 7.81911 8.90985
6.86667 7.78361 8.72898
7.37022 7.90937 8.67747
6.88654 7.79811 8.76620
7.13009 7.82503 8.79631
7.41951 7.82403 8.87478
7.26239 7.81252 8.96038
6.77602 7.82263 8.89392
7.01785 7.83713 8.78776
6.98736 7.82649 8.91823
7.20695 7.81266 8.92789
6.73017 7.81571 8.85878
6.85624 7.81953 8.88646
7.32524 7.82362 8.92964
7.53601 7.81662 8.91498
7.00603 7.83744 8.79838
6.50760 7.81324 8.77273
7.16126 7.83208 8.81772
7.01052 7.81072 8.72364
6.88512 7.82701 8.76987
7.00134 7.81836 8.60841
6.78581 7.80895 8.66010
7.06362 7.82109 8.91496
6.71072 7.82625 8.77781
7.44832 7.83565 8.84043
6.77230 7.81803 8.89125
7.47240 7.82937 8.97331
6.75672 7.82480 8.86589
7.47499 7.81511 8.99145
7.12413 7.83386 8.88286
6.97577 7.81651 8.98424
7.33778 7.82608 8.80770
7.12765 7.81702 8.96347
7.13912 7.83086 8.77431
6.73916 7.85611 8.85625
7.28434 7.83049 8.89374
7.19069 7.82303 8.97729
7.54322 7.82430 8.86388
7.00954 7.82569 8.78258
7.28574 7.87898 8.79619
6.87262 7.82079 8.95000
7.27793 7.84137 8.87169
6.01160 8.07665 8.35616
7.38800 7.81639 8.96109
7.31717 7.83464 8.74756
7.42697 7.81884 8.87058
7.24442 7.83343 8.86851
6.68714 7.82229 8.82372
6.75117 7.81431 8.85395
7.12248 7.84380 8.89030
7.27522 7.82305 8.91985
7.55846 7.84194 8.95597
7.36689 7.82825 8.83097
7.32112 7.83330 8.85398
7.51089 7.83421 8.80280
7.21059 7.83137 8.80757
7.49137 7.91428 8.87039
7.33028 7.83339 8.80222
7.31940 7.81319 8.83121
7.22143 7.82689 8.84375
7.27606 7.82806 8.89309
7.16304 7.82922 8.88876
6.81314 7.82942 8.90866
7.12350 7.82325 8.94544
7.30019 7.84006 8.74970
7.34220 7.81464 8.89086
6.60763 7.83067 8.79238
7.13885 7.81799 8.87717
7.46165 7.81246 8.78830
6.81236 7.82330 8.79093
6.80222 7.79898 8.79781
6.79944 7.82207 8.69266
7.35108 7.83675 8.72658
6.68882 7.81844 8.69895
6.68868 7.81196 8.72498
7.53800 7.81852 8.74432
7.51686 7.82483 8.73316
7.19812 7.81937 8.79743
7.52820 7.82171 8.79064
7.53073 7.82000 8.75711
7.29216 7.81190 8.86353
6.68947 7.78926 8.68987
6.66769 7.81985 8.79260
6.68175 7.82146 8.81219
6.66496 7.81062 8.67348
7.49100 7.82012 8.76352
6.85240 7.82230 8.86382
7.15608 7.82420 8.90705
7.04170 7.83680 8.89848
6.80137 7.81876 8.80029
7.06286 7.82074 8.92300
6.92705 7.83267 8.97627
7.44047 7.82367 8.96117
7.46401 7.82834 8.86723
6.78136 7.80641 8.88445
6.67459 7.81878 8.84606
7.01347 7.82232 8.89122
7.07329 7.83210 9.12525
6.81269 7.82598 8.87699
7.21973 7.83451 8.79802
7.18099 7.83002 8.83577
7.22350 7.82976 8.87273
7.27105 7.81964 8.88169
7.32055 7.83331 8.79299
7.43573 7.82057 8.85193
7.21069 7.81572 8.91435
6.92941 7.81545 9.02111
7.10579 7.83615 8.95143
7.13665 7.82035 8.81774
7.06248 7.82120 8.86476
6.21143 7.92563 8.96525
7.15639 7.82782 8.85598
7.43014 7.81329 8.91545
7.21312 7.81233 8.92002
6.60500 7.80538 8.97847
6.70170 7.80716 8.81212
7.06559 7.79329 8.86920
7.48524 7.82276 8.86879
7.38875 7.81803 8.89726
7.28917 7.82432 8.83551
7.39785 7.81400 8.82359
7.30380 7.81715 8.92264
7.37881 7.82485 8.83449
7.39667 7.83826 8.77552
7.48815 7.83170 8.78989
7.36013 7.83595 8.82214
7.36776 7.82899 8.75929
6.89285 7.82469 8.86149
7.12384 7.81962 8.89005
7.29984 7.82944 8.80560
7.38798 7.83183 8.79812
7.12723 7.83445 8.80434
7.12638 7.82580 8.85137
7.30650 7.83292 8.79405
7.41417 7.83418 8.81879
6.67915 7.80266 8.85425
7.15809 7.81728 8.94039
7.46970 7.81940 8.86155
7.53023 7.82455 8.86690
7.17037 7.82678 8.97858
7.34260 7.82677 8.90739
7.45333 7.81927 8.89453
7.27518 7.81772 8.94082
6.96781 7.83955 8.88637
7.44309 7.82509 8.85568
7.13740 7.82708 8.83309
6.68154 7.81508 8.83562
7.30882 7.82297 8.84687
6.92940 7.82219 8.85575
6.78986 7.81182 8.85405
7.46878 7.82952 8.83528
7.50727 7.82734 8.78536
6.87687 7.82634 8.85157
6.86748 7.82508 8.94655
7.36026 7.81871 8.94236
7.59309 7.84427 8.82749
7.78511 8.08057 8.58905
6.40053 7.85280 8.68931
7.19420 7.82314 8.72233
7.33797 7.81970 8.84963
6.70998 7.82565 8.72737
6.58240 7.82502 8.86547
7.30602 7.81687 8.90236
7.67497 7.82971 8.90090
7.05843 7.82455 8.87600
6.85222 7.78559 8.81351
7.56822 7.82311 8.83357
6.76460 7.82052 8.51050
7.24602 7.81534 8.95123
6.58583 7.81632 8.85676
7.25199 7.82464 8.93391
7.34309 7.82074 8.92829
6.50393 7.81924 8.86276
7.28208 7.82274 9.11450
7.33333 7.81792 8.82029
7.56187 7.82170 8.90473
7.05270 7.82459 8.87548
6.73378 7.82998 8.84848
7.26656 7.83087 8.82259
7.48980 7.81159 8.98490
7.39385 7.82734 8.97442
6.58610 7.81272 8.80367
7.18211 7.82878 8.90365
7.16415 7.83268 8.88192
7.04312 7.83083 8.80099
8.19725 7.81232 8.74873
7.43014 7.81954 8.88862
6.93504 7.81434 8.95131
7.24883 7.82505 8.90443
7.01657 7.81882 8.91781
7.18732 7.82914 8.79662
7.21395 7.83982 8.70784
6.83856 7.85720 8.89206
7.10360 7.83784 8.81677
7.23514 7.82544 8.96040
6.54441 7.72249 8.46225
6.68442 7.78502 8.88078
6.93535 7.81110 8.93084
7.39138 7.81818 8.88381
6.83986 7.86883 8.66351
6.65234 7.82280 8.72959
7.02503 7.82845 8.66929
7.01088 7.81061 8.83110
7.44807 7.82634 8.76488
7.06169 7.82421 8.76008
6.51952 7.81833 8.73758
7.70766 7.83727 8.63948
6.85203 7.81897 8.75385
7.55378 7.83054 8.77557
6.75025 7.81756 8.83168
7.08901 7.81116 8.91750
6.71005 7.81597 8.75829
7.32139 7.82730 8.84175
6.97758 7.82353 8.72843
7.10327 7.82816 8.94211
6.86494 7.82103 8.97217
6.84528 7.81893 8.94968
6.62852 7.81676 8.77777
7.49657 7.85152 8.91896
6.58407 7.81750 8.77767
7.08260 7.82478 8.90130
6.79548 7.82128 8.93423
7.45806 7.81683 9.01070
6.56528 7.82739 8.76554
6.71404 7.82791 8.89484
7.46956 7.83083 8.85931
7.31895 7.82355 8.87314
6.91503 7.81813 8.98299
7.14797 7.83417 8.87556
7.36529 7.83471 8.82107
7.32076 7.82664 8.96632
7.22617 7.83032 8.89019
7.17129 7.81757 8.94707
7.16615 7.81493 8.86813
7.43054 7.82403 8.90505
7.00360 7.78214 8.78738
7.37850 7.82476 8.85334
6.97830 7.82450 8.91436
7.31837 7.83105 8.84419
7.14830 7.83896 8.86817
7.48861 7.81663 8.90294
7.36755 7.81472 8.89866
7.02073 7.81370 8.92051
7.20878 7.83329 8.86899
7.25045 7.82231 8.89258
7.53854 7.82634 8.84827
7.42349 7.82626 8.77052
7.24993 7.82679 8.92914
7.48532 7.82475 8.91074
7.25523 7.81868 8.87150
7.52677 7.83188 8.81011
7.51852 7.83398 8.87875
7.48459 7.83599 8.81872
7.08359 7.83653 8.84870
7.27874 7.82649 8.84283
7.26926 7.82634 8.84645
7.47306 7.82415 8.86422
7.36603 7.84270 8.82313
7.34624 7.82553 8.87925
8.25458 7.94213 8.55240
7.30199 7.82604 8.90188
7.50639 7.81715 8.96179
7.13009 7.83033 8.98259
7.40076 7.81919 9.00214
7.29036 7.83467 8.78466
7.26594 7.83381 8.86388
7.33954 7.83807 8.71228
6.81478 7.82324 8.82114
7.20037 7.81944 8.87544
7.56882 7.82897 8.77554
6.82690 7.80413 8.65539
6.91628 7.82587 8.81302
7.38285 7.82823 8.98575
6.79883 7.78711 8.81846
7.50168 7.83040 8.69818
6.62214 7.74992 8.75091
6.53211 7.82084 8.55339
7.26969 7.82070 8.54514
7.32634 7.79749 8.78545
6.93586 7.81199 8.86806
6.91061 7.82100 8.80888
7.06175 7.82231 8.94879
7.54158 7.82358 8.91705
7.48837 7.82646 8.89788
6.96591 7.82110 8.98977
7.35637 7.83075 8.84606
6.84652 7.83177 8.77739
6.67359 7.83620 8.37161
7.03223 7.83117 8.83998
7.04948 7.82375 8.90410
7.04395 7.83021 8.79534
7.31585 7.82745 8.84272
7.22178 7.82698 8.83540
7.10000 7.83425 8.84389
7.28047 7.81940 8.90426
7.43002 7.82648 8.82864
7.40400 7.83271 8.83254
7.18194 7.83243 8.86831
7.07150 7.82969 8.82531
7.05932 7.83595 8.83976
7.28698 7.82060 8.84565
7.20258 7.82379 8.88679
7.28393 7.83521 8.79808
6.88857 7.84499 8.94359
7.48354 7.81887 8.90165
7.05557 7.82566 8.97156
7.47107 7.83185 8.89615
6.83369 7.81422 8.81156
6.83947 7.84588 8.78369
7.47612 7.81830 8.84575
7.15014 7.83838 8.77435
7.45185 7.81429 8.90711
7.20186 7.83736 8.81349
7.27867 7.82745 8.79053
7.53063 7.80881 8.92153
7.37940 7.82617 8.85409
7.33650 7.81573 8.96767
7.32175 7.83342 8.80451
7.19693 7.82865 8.77947
6.88117 7.83248 8.77672
6.69838 7.82177 8.84079
7.32866 7.81117 8.95199
7.43665 7.81550 8.93833
7.33180 7.83467 8.83614
7.56338 7.82805 8.89971
7.04310 7.82824 8.91497
7.22165 7.82082 8.97825
7.24796 7.83344 8.88031
7.24018 7.82014 8.88858
6.91270 7.82497 8.79827
6.71302 7.81426 8.85609
6.59855 7.82190 8.79738
6.83674 7.81948 8.84271
7.46136 7.82406 8.91585
7.49364 7.83661 8.75297
6.77551 7.81830 8.93240
6.92706 7.82547 8.89844
6.91981 7.82482 8.81555
7.12874 7.82374 8.88730
6.72040 7.82501 8.87612
6.76703 7.82134 8.88815
7.08650 7.82277 8.86314
7.07939 7.81939 8.96796
7.07978 7.82881 8.84805
7.37792 7.83323 8.90997
7.05861 7.85498 8.87191
7.22868 7.79731 8.97914
7.24210 7.79834 8.94965
7.41748 7.82543 8.88977
7.52450 7.81695 8.93338
7.33369 7.81590 8.95933
7.08370 7.82073 8.92630
7.43717 7.82834 8.81814
7.35622 7.84662 8.92634
7.31908 7.83196 8.82037
7.29298 7.82984 8.84118
7.04405 7.83651 8.83805
6.83472 7.81582 8.89209
7.13808 7.82722 8.82419
7.45607 7.82382 8.86127
7.33945 7.83314 8.78575
7.34721 7.83136 8.90058
7.38588 7.82892 8.92810
7.27076 7.83143 8.83862
7.37477 7.83367 8.82770
7.34854 7.83285 8.84574
7.13994 7.83151 8.99503
7.42374 7.83507 8.84217
7.30145 7.82520 8.96329
7.18684 7.83636 8.83927
7.32260 7.83369 8.73622
7.42473 7.81715 8.82924
7.32419 7.82323 8.90058
6.91381 7.82556 8.86853
7.22988 7.84005 8.73221
6.83620 7.82289 8.65426
7.25126 7.83215 8.77501
7.59466 7.81898 8.80839
6.89550 7.82594 8.72238
6.89808 7.81290 8.80088
7.53058 7.82495 8.77539
6.71404 7.81133 8.80982
7.46495 7.82183 8.81566
7.53118 7.83103 8.66874
6.96876 7.83119 8.77223
6.88879 7.82418 8.73383
7.49610 7.81461 8.82316
7.48840 7.82116 8.80717
6.69909 7.81213 8.76853
7.46050 7.82682 8.83027
7.02119 7.83523 8.76689
6.67350 7.81898 8.67974
7.32979 7.82863 8.83613
7.01685 7.82435 8.68324
6.84100 7.82341 8.66097
7.37706 7.82987 8.73686
7.11432 7.82558 8.84361
7.35574 7.81895 8.88852
6.83661 7.82720 8.84897
7.11592 7.82106 8.86341
6.49303 7.82574 8.93070
6.81760 7.81491 8.90737
6.66198 7.79996 8.73686
6.51061 7.82160 9.01706
6.59140 7.82165 8.75538
6.55249 7.81702 8.80295
7.10051 7.82029 8.69874
6.63938 7.81940 8.96469
6.93795 7.82263 8.96178
6.87510 7.81017 8.99084
7.42634 7.81668 8.98042
7.30908 7.84007 8.93530
6.69999 7.81686 8.87663
7.35135 7.81428 8.93278
6.43228 7.79454 8.83195
7.39839 7.82102 8.99161
7.24412 7.82183 8.92262
7.43848 7.81774 8.86119
6.90509 7.80837 8.90146
7.33545 7.83477 8.94313
7.44478 7.81506 8.95821
7.66611 7.82452 8.78920
7.39534 7.82280 8.92847
7.30352 7.83177 8.90743
7.45194 7.83000 8.82579
7.45721 7.81381 8.96308
7.39412 7.83587 8.77956
6.61550 7.80635 8.83251
7.45887 7.81535 8.85700
7.37463 7.82557 8.78268
7.30710 7.82208 8.92916
7.51994 7.83204 8.83711
7.54291 7.81779 8.87232
6.46057 7.78051 8.75096
7.38153 7.81474 8.84900
7.01436 7.82334 8.91335
7.41773 7.82526 8.87642
