7.86738 7.82709 8.91481
7.54282 7.81146 8.85225
7.61795 7.83444 8.74764
7.96054 7.82182 8.79944
7.73457 7.81265 8.76464
7.57826 7.82683 8.76251
7.96008 7.82049 8.90729
7.90560 7.83076 8.73476
7.53527 7.83350 8.83307
8.27458 7.84513 8.87639
7.83896 7.82646 8.88888
8.03003 7.83076 8.82911
7.87706 7.82240 8.74656
8.05399 7.83629 8.82301
7.88965 7.82898 8.84314
8.08363 7.82801 8.57855
7.52425 7.82171 8.76288
7.64037 7.80772 8.53233
7.62539 7.81316 8.85038
7.90326 7.82964 8.80649
7.77019 7.82418 8.91753
7.70617 7.82818 8.92513
7.75067 7.82987 8.73920
7.38525 7.81912 8.73902
8.23064 7.84941 8.69388
8.23439 7.84402 8.78233
7.69012 7.81969 8.35290
7.60122 7.81755 8.81235
7.94154 7.85223 8.76899
7.93264 7.81794 8.70547
7.98318 7.84099 8.71106
7.95266 7.83479 8.83443
7.79126 7.82216 8.94408
8.41649 7.86887 8.83342
8.02231 7.84340 8.85251
8.08328 7.83345 8.83025
7.67507 7.83354 8.81344
7.87433 7.82055 8.76673
7.97216 7.83816 8.79136
6.94233 7.83134 8.75230
7.23784 7.83035 8.71639
7.99957 7.83629 8.76257
8.02385 7.83832 8.81155
8.13592 7.85888 8.75330
8.05295 7.83777 8.72828
8.44058 7.87149 8.72391
7.99851 7.84371 8.85566
7.38713 8.05529 7.39647
8.01506 7.84986 8.84706
7.50809 7.81985 8.86576
8.20486 7.83162 8.72404
7.78070 7.82772 8.87792
7.89062 7.83743 8.88946
7.87767 7.82860 8.91012
8.14863 7.84464 8.72395
7.87879 7.85192 8.80821
7.71765 7.82549 8.92848
7.66313 7.83021 8.85018
7.78326 7.82157 8.85710
7.95489 7.83107 8.75688
7.37348 7.83076 8.88317
7.57496 7.81689 8.78833
7.72311 7.84600 8.58181
7.60868 7.83591 8.64769
7.84088 7.83189 8.75087
7.48036 7.81831 8.91473
7.66068 7.81920 8.81265
7.44595 7.82931 8.80616
7.36623 7.82644 8.90320
7.93157 7.82141 8.81114
7.82566 7.83407 8.75677
8.08792 7.85628 8.65459
7.99315 7.86240 8.61782
8.31610 7.86954 8.61467
8.09564 7.83735 8.59639
7.52687 7.82386 8.69548
7.40152 7.82860 8.71984
7.95409 7.83408 8.70136
8.05232 7.84802 8.62358
8.14715 7.85720 8.48993
7.47607 7.81527 8.82491
7.86463 7.83111 8.75155
7.63505 7.80422 8.85239
8.14577 7.84685 8.63387
7.57211 7.83621 8.67767
7.45933 7.82022 8.82851
8.06079 7.84488 8.85625
7.46019 7.82338 8.94375
7.88620 7.83762 8.85632
7.83952 7.83021 8.77691
8.21946 7.83395 8.77950
8.13951 7.85008 8.74051
8.01928 7.83529 8.76673
7.83909 7.82477 8.75255
7.51763 7.82295 8.82474
7.70268 7.82842 8.81852
7.79091 7.82857 8.77471
7.60535 7.81963 8.89538
7.70160 7.81927 8.90974
7.62013 7.81614 8.88824
7.53158 7.82269 8.68771
7.52721 7.82420 8.69203
7.51130 7.82529 8.73775
7.81262 7.81805 8.75782
8.10294 7.82507 8.58340
7.54256 7.82857 8.74215
7.58739 7.82351 8.75765
7.89417 7.83362 8.64638
7.41335 7.83153 8.65351
7.89039 7.88961 8.61027
7.58076 7.83170 8.68776
8.17994 7.84175 8.49483
8.27400 7.85899 8.58753
8.24760 7.88310 8.90347
7.67648 7.81961 8.84524
8.05662 7.84510 8.83715
7.56349 7.83508 8.79376
8.03430 7.84296 8.79187
7.95020 7.83818 8.78482
7.59683 7.82892 8.79541
7.68421 7.82692 8.83306
7.73420 7.84530 8.78689
7.77170 7.85725 8.78190
7.93984 7.85586 8.77287
7.63095 7.82711 8.83378
7.56674 7.83728 8.90771
8.01922 7.87930 8.73606
8.15702 7.85895 8.72062
8.08025 7.85320 8.82112
8.05477 7.83236 8.71183
8.05328 7.84122 8.80754
7.70493 7.84377 8.76037
7.75805 7.83765 8.78772
8.06802 7.86388 8.70455
8.00370 7.87355 8.90993
8.11468 7.83221 8.85660
7.89544 7.83644 8.84928
8.10492 7.83927 8.85317
7.49092 7.81492 8.88747
7.56635 7.83280 8.87400
7.65174 7.82905 8.80251
8.07859 7.84555 8.73697
8.04072 7.84604 8.77384
8.09829 7.82602 8.71716
8.12831 7.84001 8.81010
8.03168 7.84799 8.80711
7.46039 7.82913 8.78633
8.45010 7.84560 8.80834
7.79310 7.83360 8.78893
7.82404 7.82772 8.76813
7.77482 7.82497 8.82058
7.98566 7.83240 8.65287
7.71677 7.83067 8.76331
7.43773 7.82080 8.84514
7.65608 7.83011 8.84670
7.85025 7.82752 8.77377
7.48737 7.82094 8.90471
7.45897 7.82999 8.78072
7.99679 7.84337 8.84123
8.26807 7.84925 8.81204
7.58010 7.82065 8.97918
8.01989 7.88619 8.58494
8.24607 7.83826 8.55187
7.82552 7.87372 8.61905
8.09160 7.83307 8.69333
8.11394 7.83514 8.68501
7.94562 7.82445 8.71762
7.90141 7.84863 8.72459
8.10166 7.83200 8.82271
7.62764 7.82585 8.91793
7.94282 7.81168 8.64570
7.75985 7.83021 8.89620
8.15836 7.85575 8.93175
7.86354 7.83134 8.78175
8.12808 7.85183 8.74345
7.97429 7.84697 8.54363
8.31841 7.89061 8.61122
7.70441 7.80193 8.61267
7.81527 7.81666 8.73817
7.63746 7.81373 8.89871
7.29364 7.80403 8.54282
7.94784 7.82630 8.87812
7.49438 7.80640 8.70945
7.57371 7.82708 8.84813
7.49050 7.81539 8.94774
7.48355 7.82112 8.85027
7.65988 7.82483 8.81750
8.24215 7.86560 8.83094
7.57062 7.83247 8.72748
8.00906 7.84503 8.83918
7.56537 7.81658 8.94850
7.57909 7.82251 8.76455
7.96531 7.82756 8.90489
8.01273 7.82367 8.79399
7.91627 7.82619 8.70422
7.96782 7.83071 8.88892
8.57466 7.86579 8.62768
7.76662 7.82679 8.79212
7.61902 7.80052 9.04273
7.54348 7.84146 8.74698
7.94214 7.85889 8.83605
7.59543 7.82960 8.81058
7.48163 7.82538 8.84064
7.52064 7.81099 8.90747
7.68957 7.82325 8.87459
7.54104 7.83812 8.75538
7.79511 7.82964 8.79740
7.82145 7.81570 8.75045
8.07081 7.81957 8.81248
8.04513 7.82322 8.77516
8.16113 7.83430 8.68329
8.00821 7.82707 8.83731
7.75695 7.82363 8.79404
7.61047 7.81370 8.85979
7.45758 7.82427 8.96431
7.41513 7.81640 8.90667
8.03433 7.83218 8.61142
7.97064 7.85495 8.84828
8.06579 7.83578 8.96104
7.46655 7.81751 8.84243
8.12702 7.83254 8.70034
7.56155 7.81065 8.79718
7.54772 7.83147 8.86507
7.95659 7.84513 8.93812
8.31230 7.84222 8.70103
7.58772 7.82246 8.85233
8.19223 7.88083 8.69063
8.05814 7.81566 8.46041
7.63900 7.82299 8.63616
8.16100 7.84617 8.50873
8.25576 7.85424 8.59114
8.11504 7.82315 8.65155
7.41624 7.81865 8.92935
8.06168 7.82923 8.90534
6.96050 7.83286 8.71932
8.00776 7.84744 8.84417
7.87255 7.83429 8.88675
7.97240 7.83355 8.74299
7.99864 7.84770 8.77787
7.97896 7.83702 8.92154
7.95647 7.83117 8.92361
7.59968 7.82177 8.89221
8.01603 7.84656 8.82832
7.43211 7.82322 8.85188
7.90434 7.83226 8.83128
7.67831 7.82148 8.82134
8.17766 7.84840 8.80707
8.23134 7.85058 8.77689
7.67364 7.83366 8.69670
7.94636 7.83287 8.85934
8.12744 7.84016 8.79838
7.93950 7.85011 8.83786
8.30065 7.84533 8.75169
7.50040 7.82115 8.96632
8.28155 7.85532 8.72655
7.40541 7.81599 8.86896
8.31572 7.82778 8.69722
7.98542 7.82752 8.75786
7.67306 7.82449 8.86520
7.60870 7.83293 8.85383
7.58786 7.82080 8.94685
7.58624 7.84900 8.87573
7.63216 7.82904 8.81685
7.61709 7.83738 8.79817
7.58911 7.82597 8.73641
7.41795 7.83125 8.80183
7.30588 7.82575 8.72011
7.90662 7.84138 9.09427
7.71682 7.82244 8.82256
7.81735 7.83310 8.75268
7.70197 7.82579 8.81885
7.80890 7.82782 8.80545
8.07224 7.85272 8.85066
7.74565 7.82815 8.82448
7.56861 7.83493 8.66010
8.04333 7.83298 8.71719
7.38897 7.83122 8.71142
8.22546 7.84609 8.58222
8.28171 7.83172 8.53278
8.13670 7.84181 8.60277
7.97159 7.84716 8.70486
8.17597 7.84351 8.58528
7.52120 7.80592 8.76391
7.56141 7.83882 8.73489
8.19415 7.82403 8.51400
7.59289 7.83394 8.53008
7.46202 7.82445 8.66113
7.89523 7.87263 8.67380
8.23974 7.84009 8.68153
7.49925 7.81866 8.83888
8.40958 7.87489 8.92063
8.03549 7.86592 8.88941
7.77436 7.84017 8.94652
8.00951 7.84560 8.85022
7.90471 7.82525 8.84089
8.01291 7.83764 8.83505
7.74175 7.83906 8.78355
7.74608 7.84321 8.82781
7.90647 7.83064 8.82291
7.68864 7.82927 8.86085
7.50214 7.83055 8.73708
7.49928 7.82257 8.88215
7.64346 7.84389 8.85818
7.44835 7.83169 8.79385
7.44382 7.82408 8.90308
7.70553 7.82184 8.82748
7.68141 7.83233 8.78300
7.70637 7.81916 8.84943
8.28807 7.92283 8.75692
8.14072 7.86903 8.74292
7.86635 7.83771 8.71354
7.64477 7.83408 8.73785
7.54091 7.83194 8.74857
7.41337 7.82435 8.86882
7.45268 7.82657 8.77714
7.89872 7.84409 8.85582
7.86298 7.82942 8.82167
7.53419 7.80691 8.96138
8.16610 7.84246 8.78539
7.82153 7.81649 8.83721
7.58633 7.83058 8.78540
7.58503 7.83154 8.84445
7.98171 7.84428 8.84312
7.90706 7.82098 8.81852
7.86960 7.82513 8.87947
7.53375 7.82467 8.82969
7.90876 7.81692 8.79204
7.74044 7.83299 8.76493
8.42880 7.82925 8.68596
8.24860 7.86767 8.82997
7.68857 7.83395 8.74392
7.69933 7.84288 8.69583
7.84959 7.82142 8.81827
7.51562 7.81639 8.96333
7.89493 7.84686 8.94777
7.79740 7.83067 8.62432
8.20588 7.84415 8.52122
7.46927 7.81752 8.77878
7.76427 7.83568 8.79647
8.06163 7.84164 8.84286
7.79771 7.83792 8.86137
7.43852 7.80214 8.88635
7.59965 7.82928 8.95133
7.66651 7.83431 8.78574
7.87716 7.83025 8.73696
8.01860 7.79484 8.62068
7.69435 7.81711 8.62072
7.60923 7.81985 8.85204
7.62952 7.84250 8.80761
7.20406 7.82963 8.60799
7.47331 7.83084 8.77981
7.68167 7.83491 8.85745
7.98399 7.87582 8.73102
8.05626 7.85180 8.85545
8.10166 7.83124 8.73232
7.83170 7.85372 8.82292
7.76491 7.82942 8.78981
7.76364 7.82236 8.80064
7.65429 7.82458 8.89546
7.73382 7.82656 8.85757
7.81855 7.82256 8.86942
7.72976 7.82297 8.75846
7.77531 7.81947 8.84212
8.13529 7.85079 8.74555
7.82846 7.83626 8.85109
7.89648 7.81600 8.67225
8.21891 7.84775 8.59864
7.95436 7.83171 8.66071
7.45493 7.82504 8.74511
8.16057 7.83001 8.60436
7.73653 7.82426 8.71111
8.05390 7.83210 8.61610
7.59748 7.81898 8.75583
7.93277 7.83415 8.63429
8.16321 7.82107 8.65951
7.79790 7.81508 8.79432
8.18089 7.86028 8.80837
8.05021 7.84422 8.80550
8.06926 7.83460 8.82500
7.98045 7.83354 8.87057
7.94404 7.83688 8.79594
8.04040 7.84333 8.74054
8.01641 7.84361 8.81776
7.48575 7.83425 8.81491
8.01096 7.83237 8.88784
7.95593 7.83342 8.74741
7.79512 7.82914 8.81561
8.14469 7.86883 8.64964
7.69003 7.82308 8.86601
8.01480 7.82944 8.71056
7.60987 7.82873 8.81068
7.91182 7.82456 8.77872
7.89635 7.83202 8.81795
7.94562 7.83242 8.80432
7.58174 7.81904 8.86517
7.87242 7.82022 8.82817
7.70391 7.82055 8.84721
8.10381 7.84169 8.82062
7.48584 7.82177 8.88192
7.39463 7.82126 8.82146
7.32139 7.82717 8.85298
7.54388 7.82590 8.82430
7.64645 7.82551 8.78480
7.34966 7.84122 8.84176
7.58430 7.82591 8.81315
7.62886 7.81836 8.97131
7.65282 7.83178 8.87581
7.53859 7.83104 8.87576
7.59556 7.83232 8.64629
7.61292 7.81591 8.77642
7.57244 7.82007 8.71886
7.82986 7.82993 8.74686
7.74353 7.82384 8.81055
7.57520 7.81866 8.74717
7.51647 7.81687 8.87069
7.94893 7.84862 8.99734
8.04427 7.85985 8.77724
7.70083 7.81443 8.53309
7.97067 7.84318 8.81434
8.02634 7.84284 8.81172
7.98448 7.83177 8.84733
7.60045 7.83364 8.79368
7.56363 7.83327 8.81345
8.03379 7.84330 8.76960
7.73804 7.82443 8.80751
7.98144 7.83807 8.80911
7.51682 7.83241 8.75209
7.59975 7.83232 8.80405
7.20230 7.84112 8.78482
7.75486 7.82727 8.84010
7.62421 7.83469 8.88648
7.83474 7.82517 8.84212
7.78363 7.81328 8.86349
7.88415 7.85564 8.80849
7.45778 7.83310 8.97986
7.67767 7.84082 8.85083
7.96081 7.83147 8.72836
7.51155 7.82414 8.95245
8.20761 7.86921 8.72497
7.64954 7.82556 8.73970
7.42400 7.81966 8.83996
7.43616 7.82382 8.79981
7.30786 7.83157 8.81943
7.59116 7.83293 8.83618
7.50992 7.82239 8.87399
7.80543 7.82235 8.79078
7.97354 7.84427 8.72894
7.61827 7.82533 8.86852
7.80956 7.83508 8.78920
8.05122 7.82538 8.78679
7.77427 7.82754 8.77903
7.55857 7.83306 8.85234
8.06445 7.83497 8.69797
8.12875 7.85263 8.84018
8.17880 7.83949 8.76308
7.69325 7.84663 8.99638
7.51360 7.83311 8.85852
8.01547 7.84893 8.81200
8.27689 7.85469 8.80870
8.04787 7.83227 8.86643
8.00318 7.84076 8.77975
7.97495 7.83062 8.78297
7.88600 7.82401 8.78500
8.07069 7.83480 8.87298
7.55799 7.82711 8.84024
7.67704 7.82388 8.77826
7.88784 7.82870 8.77896
7.66695 7.83213 8.85379
7.85319 7.82314 8.75726
7.74372 7.82876 8.93710
7.74715 7.83243 8.78834
8.10248 7.86136 8.71335
7.43737 7.81319 8.90303
7.58147 7.81722 8.84157
7.58215 7.80655 8.76986
7.94433 7.76770 8.74498
7.63318 7.82650 8.82438
7.74731 7.83089 8.94641
7.47648 7.82674 8.85759
7.60962 7.82977 8.82187
7.55296 7.82557 8.79075
7.69586 7.81717 8.79465
7.39037 7.83668 8.70574
7.56863 7.82868 8.83051
8.06719 7.83644 8.75114
7.60449 7.81351 8.75452
8.03841 7.82860 8.61805
8.06151 7.83554 8.70104
7.51450 7.81099 8.78951
7.66554 7.83818 8.69959
7.97043 7.82308 8.71798
8.17450 7.83558 8.57971
7.52389 7.82329 8.71105
7.69724 7.81115 8.74205
7.93382 7.82490 8.72482
7.72392 7.84742 8.76559
8.10114 7.84021 8.70553
8.36684 7.85306 8.56849
7.43688 7.82946 8.69410
7.70827 7.81429 8.71969
7.47059 7.82927 8.67367
7.89291 7.82730 8.66597
7.52246 7.82000 8.92933
7.59944 7.80806 8.91695
7.80186 7.82692 9.05889
7.75730 7.81271 8.92242
7.74691 7.80160 8.92940
8.34464 7.84772 8.84269
8.15162 7.84657 8.81384
7.76192 7.83411 8.69053
7.51819 7.82819 8.74768
7.92307 7.84204 8.71553
7.85144 7.83398 8.68157
8.53986 7.76460 8.48257
7.61501 7.80856 8.91588
7.67054 7.82982 8.82421
7.67587 7.83322 8.81407
7.62543 7.82949 8.80549
7.93933 7.82625 8.73734
7.67014 7.81909 8.78052
7.71102 7.81461 8.79431
7.70016 7.81991 8.80780
7.64571 7.82240 8.80524
8.12077 7.84330 8.84185
